0.5048453168561968,0.5083541934411479,0.5171958872070754,0.5309195493808337,0.5309195493808337,0.5309195493808337,0.5309195493808337,0.5309195493808337,0.5309195493808337
0.509584506124449,0.5128831376369738,0.5209889937377395,0.536285296621124,0.5362852966211241,0.536285296621124,0.536285296621124,0.5362852966211241,0.5362852966211241
0.5138457591285089,0.5169562989686726,0.5244019296417255,0.5411249811731799,0.5411249811731799,0.5411249811731798,0.5411249811731799,0.5411249811731798,0.5411249811731799
0.5176738055462753,0.5206131886266501,0.527468995561303,0.5440196003409251,0.54548350361635,0.5454835036163499,0.54548350361635,0.5454835036163499,0.5454835036163499
0.52111040990871,0.523890645521886,0.530222185246672,0.545184071711408,0.5494032911295966,0.5494032911295966,0.5494032911295966,0.5494032911295966,0.5494032911295966
0.5241941626180873,0.5268230365862493,0.532691153473943,0.5462300454640723,0.552924148939802,0.552924148939802,0.552924148939802,0.552924148939802,0.552924148939802
0.5269604060324654,0.5294425134677953,0.5349032205307572,0.5471685678207755,0.5560831842145177,0.5560831842145177,0.5560831842145177,0.5560831842145177,0.5560831842145177
0.5294412762350948,0.531779241963085,0.5368833925520912,0.5480098700861581,0.5589147918701244,0.5589147918701244,0.5589147918701244,0.5589147918701244,0.5589147918701244
0.5316658341769225,0.5338615464106654,0.5386543866842796,0.5487633802074797,0.5614506915138793,0.5614506915138793,0.5614506915138793,0.5614506915138793,0.5614506915138793
0.5336602580384557,0.5357159505563474,0.5402366685244204,0.5494377476845572,0.5637200048481985,0.5637200048481985,0.5637200048481985,0.5637200048481985,0.5637200048481985
0.5354480708398819,0.5373671331583812,0.5416485294109235,0.5500408777612863,0.5657493634850308,0.5657493634850308,0.5657493634850309,0.5657493634850308,0.5657493634850309
0.5370503819410126,0.5388378392809028,0.5429062391772129,0.5505799715445537,0.5675630381618876,0.5675630381618876,0.5675630381618876,0.5675630381618876,0.5675630381618876
0.5384861266067891,0.5401487933613238,0.5440242955722708,0.5510615688951297,0.5669640229327174,0.569183081644742,0.569183081644742,0.569183081644742,0.569183081644742
0.5397722931596678,0.5413186512211362,0.5450157577421407,0.5514915901477654,0.5657362741431022,0.5706294789744402,0.5706294789744402,0.5706294789744402,0.5706294789744402
0.5409241317509834,0.5423640120465929,0.5458926144947107,0.5518753707146591,0.5646449528447888,0.5719203000327712,0.5719203000327712,0.5719203000327713,0.5719203000327712
0.5419553422064345,0.5432994946262258,0.5466661180228852,0.5522176806341439,0.5636748243941928,0.5730718505924071,0.5730718505924071,0.5730718505924071,0.5730718505924071
0.5428782407501317,0.5441378691897313,0.5473470204091688,0.5525227226664131,0.5628123706981552,0.5740988190341227,0.5740988190341227,0.5740988190341227,0.5740988190341227
0.5437039068493883,0.544890228777487,0.5479456793283538,0.5527941115266723,0.5620455936986436,0.5750144167572089,0.5750144167572089,0.5750144167572089,0.5750144167572089
0.5444423121653781,0.5455661818609653,0.5484720368326754,0.5530348527149708,0.5613638419666568,0.5758305109847734,0.5758305109847734,0.5758305109847734,0.5758305109847734
0.5451024338557373,0.5461740495132698,0.5489355059418565,0.5532473538502871,0.5607576575286072,0.5765577491938404,0.5765577491938404,0.5765577491938404,0.5765577491938404
0.5456923544349604,0.5467210541126272,0.5493448150028221,0.5534335022777411,0.5602186402568909,0.5771763196758902,0.5772056748031448,0.5772056748031449,0.5772056748031449
0.546219350192906,0.5472134909172345,0.5497078584908303,0.5535948236504249,0.5597393269098594,0.5748436052450452,0.5777828340515522,0.5777828340515522,0.5777828340515522
0.5466899698949872,0.5476568779049159,0.5500315899889205,0.5537327035813647,0.5593130807997959,0.5727722243260123,0.5782968742173091,0.5782968742173091,0.5782968742173091
0.5471101052002527,0.5480560825142415,0.5503219754657439,0.5538486245406736,0.5589339861101842,0.5709325557329468,0.5787546334804141,0.5787546334804141,0.5787546334804141
0.547485053967976,0.5484154261982386,0.5505840086088776,0.5539443584345276,0.5585967395763921,0.5692984057947842,0.5791622228319409,0.5791622228319409,0.5791622228319409
0.5478195773958563,0.5487387690750022,0.5508217783069854,0.5540220670050608,0.5582965348538981,0.5678465977209993,0.5795251004971098,0.5795251004971099,0.5795251004971098
0.5481179517471917,0.5490295776091718,0.5510385723507366,0.5540842905587609,0.5580289440966202,0.5665566128934608,0.5798481393729022,0.5798481393729022,0.5798481393729022
0.5483840152782575,0.5492909783915232,0.5512370002535653,0.5541338373232492,0.5577898149514419,0.5654102770026703,0.5774495167136128,0.5774495167136128,0.5774495167136128
0.5486212108657719,0.5495258008910271,0.5514191202050792,0.5541736089574387,0.5575752110453801,0.5643914849504252,0.5750949693606374,0.5750949693606374,0.5750949693606374
0.5488326247497672,0.5497366116863247,0.5515865589280063,0.5542064065886496,0.5573814205049008,0.5634859591123451,0.5730046522659824,0.5730046522659824,0.5730046522659824
0.5490210217455196,0.549925742249753,0.5517406173244421,0.5542347571176022,0.5572050373989642,0.5626810356258135,0.5711485214523795,0.5711485214523795,0.5711485214523795
0.5491888772312397,0.5500953119270856,0.5518823584523258,0.554260786489107,0.5570430932685368,0.5619654725157226,0.5695000290869536,0.5695000290869536,0.5695000290869536
0.5493384061840137,0.550247247368967,0.5520126771810305,0.5542861511655865,0.5568931942727705,0.5613292719705848,0.5680357005506088,0.5680357005506088,0.5680357005506088
0.5494715895097224,0.5503832993439587,0.552132352758529,0.5543120257621953,0.5567536150274998,0.560763508772024,0.566734765809585,0.566734765809585,0.566734765809585
0.5495901978915391,0.5505050576014836,0.5522420865875625,0.5543391360395621,0.556623314458447,0.5602601609012162,0.5655788374807559,0.5655788374807559,0.5655788374807559
0.5496958133644385,0.5506139642519129,0.5523425279411049,0.5543678225130712,0.5565018643127813,0.5598119483423324,0.5645516289552468,0.5645516289552468,0.5645516289552468
0.5497898488080326,0.550711325981869,0.552434290346636,0.5543981198725035,0.5563893061417511,0.5594121986261097,0.5636387063087774,0.5636387063087774,0.5636387063087774
0.5498735655366437,0.5507983253161859,0.5525179611078319,0.5544298397792315,0.5562859688124085,0.5590547642510515,0.5628272671605182,0.5628272671605182,0.5628272671605182
0.5499480891532036,0.5508760310642012,0.5525941060442043,0.5544626480611088,0.5561922827095428,0.5587340100672363,0.5621059383314779,0.5621059383314779,0.5621059383314779
0.550014423821772,0.5509454080393004,0.5526632711062551,0.5544961308498763,0.556108620668345,0.5584448680736368,0.561464583746047,0.561464583746047,0.561464583746047
0.5500734651024232,0.5510073261096112,0.5527259821223524,0.5545298472053004,0.5560351839634833,0.558182932264392,0.5608941175599879,0.5608941175599879,0.5608941175599879
0.5501260114815175,0.5510625686193954,0.5527827435840023,0.5545633679943704,0.555971939142604,0.5579445500673372,0.5603863268982685,0.5603863268982685,0.5603863268982685
0.5501727747200975,0.551111840210609,0.552834037090005,0.5545963022302135,0.5559186014502532,0.557726867638766,0.5599337210023705,0.5599337210023705,0.5599337210023705
0.5502143891335364,0.5511557740695395,0.552880319847136,0.5546283128427411,0.5558746544756784,0.5575278027359764,0.5595294310150731,0.5595294310150731,0.5595294310150731
0.5502514199060392,0.5511949386218697,0.5529220234592069,0.554659124120511,0.555839393386202,0.5573459427589106,0.5591671791225294,0.5591671791225294,0.5591671791225294
0.5502843705350373,0.5512298437000153,0.5529595531184651,0.5546885229992499,0.5558119797284401,0.5571803868136356,0.5588413165228536,0.5588413165228536,0.5588413165228536
0.5503136894919346,0.5512609462075205,0.5529932872334995,0.5547163561180519,0.5557914980923206,0.5570305625606639,0.5585469052315206,0.5585469052315206,0.5585469052315206
0.5503397761783146,0.5512886553066803,0.5530235774771327,0.5547425242247008,0.5557770078805279,0.556896049619555,0.5582798017600127,0.5582798017600127,0.5582798017600127
0.5503629862490143,0.5513133371565678,0.553050749208335,0.5547669751573763,0.5557675862682703,0.5567764340269322,0.5580366998434955,0.5580366998434955,0.5580366998434955
0.5503836363671046,0.5513353192294203,0.5530751022077287,0.5547896963031849,0.5557623607664739,0.5566712071048209,0.5578151044141021,0.5578151044141021,0.5578151044141021
0.5504020084495649,0.5513548942336494,0.5530969116618095,0.5548107071553531,0.5557605314707457,0.556579711153058,0.5576132321996701,0.5576132321996701,0.5576132321996701
0.5504183534565684,0.55137232367155,0.5531164293328955,0.554830052367295,0.5557613841151726,0.5565011261882299,0.55742985576491,0.55742985576491,0.55742985576491
0.5504328947723264,0.5513878410593793,0.5531338848574542,0.5548477955311809,0.5557642955688851,0.5564344873988567,0.5572641204723778,0.5572641204723778,0.5572641204723778
0.5504458312205174,0.5514016548365913,0.5531494871229047,0.5548640137847465,0.5557687335569604,0.5563787217296342,0.5571153657497638,0.5571153657497638,0.5571153657497638
0.550457339752929,0.5514139509899415,0.5531634256810759,0.5548787932646128,0.5557742522901284,0.5563326930837602,0.5569829754939567,0.5569829754939567,0.5569829754939567
0.5504675778462969,0.5514248954169321,0.5531758721644472,0.5548922253691132,0.5557804854588427,0.5562952479651606,0.5568662716902144,0.5568662716902144,0.5568662716902144
0.5504766856382926,0.5514346360516795,0.5531869816786221,0.554904403760911,0.5557871377655449,0.5562652560831479,0.5567644544550717,0.5567644544550717,0.5567644544550717
0.5504847878308271,0.5514433047748177,0.5531968941509593,0.5549154220232447,0.5557939758857888,0.5562416429226593,0.5566765833823888,0.5566765833823888,0.5566765833823888
0.5504919953856243,0.5514510191275076,0.5532057356208341,0.5549253718783231,0.5558008194937912,0.5562234132442783,0.5566015902890681,0.5566015902890681,0.5566015902890681
0.5504984070344751,0.5514578838482168,0.5532136194616512,0.5549343418783587,0.5558075327745431,0.556209665837362,0.5565383119693157,0.5565383119693157,0.5565383119693157
