4.147540186287749 4.147540186287749 4.147540186287749 4.147540186287749 4.147540186287749 4.147540186287745 4.147540186287749
4.201381839017862 4.201381839018112 4.201381839018112 4.201381839018112 4.201381839018112 4.2013818390178725 4.201381839018112
4.208494320518676 4.2431201511826675 4.243120151182655 4.243120151182655 4.2431201511826675 4.243120151182655 4.2431201511826675
4.214350111608119 4.27215075580516 4.27215075580516 4.2721507558051615 4.27215075580516 4.2721507558051615 4.27215075580516
4.219522078195829 4.29259364384317 4.29259364384317 4.29259364384317 4.2925936438431735 4.29259364384317 4.29259364384317
4.224071046401036 4.307281255963342 4.307281255963315 4.307281255963315 4.307281255963315 4.307281255963352 4.307281255963315
4.228068189693369 4.3185763029659805 4.3185763029659805 4.3185763029659805 4.3185763029659805 4.318576302965922 4.3185763029659805
4.231584713845887 4.327978779233514 4.327978779233508 4.327978779233514 4.327978779233514 4.327978779233508 4.327978779233514
4.234685556344039 4.3363264938677295 4.3363264938677295 4.3363264938677295 4.3363264938677215 4.3363264938677295 4.3363264938677215
4.237426914131051 4.3440718360890465 4.344071836089045 4.3440718360890465 4.344071836089045 4.3440718360890465 4.3440718360890465
4.23985617732451 4.351462253567075 4.3514622535671155 4.351462253567075 4.3514622535671155 4.351462253567075 4.351462253567075
4.242012986053192 4.358647065367367 4.358647065367449 4.358647065367367 4.358647065367449 4.358647065367367 4.358647065367449
4.243930602527716 4.365176330304396 4.365733865030354 4.365733865030354 4.365733865030374 4.365733865030354 4.365733865030374
4.245637198087414 4.363240734495527 4.372814046832067 4.372814046832135 4.372814046832135 4.372814046832067 4.372814046832067
4.247156910183132 4.361474750263015 4.379972870109359 4.379972870109355 4.379972870109251 4.379972870109359 4.379972870109359
4.248510654329538 4.359868579480516 4.3872933657602955 4.3872933657602955 4.387293365760284 4.3872933657602955 4.3872933657602955
4.249716728453589 4.358411726410163 4.394858459088298 4.394858459088298 4.394858459088279 4.394858459088298 4.394858459088279
4.250791259291308 4.357093421137484 4.402753020165382 4.402753020165382 4.402753020165325 4.402753020165382 4.402753020165382
4.251748535523257 4.355902931268334 4.411066446645472 4.411066446645472 4.411066446645459 4.411066446645472 4.411066446645459
4.252601262251 4.354829785667867 4.419895909473917 4.419895909473917 4.419895909473917 4.419895909473917 4.419895909473904
4.253360761463541 4.353863929614429 4.429350024631006 4.429350024631038 4.429350024631038 4.429350024631006 4.429350024631038
4.254037135201425 4.352995827025694 4.439552327419795 4.439552327419795 4.439552327419749 4.439552327419795 4.439552327419749
4.254639402367388 4.352216522306641 4.450643642999856 4.45064364299981 4.450643642999856 4.45064364299981 4.450643642999856
4.255175616249692 4.351517671809226 4.460450683784933 4.462782452657508 4.462782452657393 4.462782452657396 4.462782452657508
4.255652967288979 4.350891552791798 4.45612513667045 4.476142697217227 4.476142697217227 4.476142697217227 4.476142697217207
4.256077874035207 4.3503310560637045 4.45223529054764 4.490909046314412 4.490909046314384 4.490909046314401 4.490909046314412
4.25645606426092 4.3498296671207 4.4487415708880675 4.507270551367216 4.507270551367214 4.507270551367216 4.507270551367234
4.256792647611588 4.3493814394817125 4.445607060415242 4.525414989566323 4.525414989566323 4.5254149895663 4.525414989566323
4.257092180811066 4.348980963051866 4.442797542306521 4.5455275801548956 4.5455275801548956 4.545527580154896 4.5455275801548956
4.257358726227853 4.348623329648928 4.440281474511057 4.567797340000409 4.567797340000442 4.567797340000333 4.567797340000409
4.257595904476911 4.348304097278237 4.438029914379254 4.592430687654444 4.592430687654476 4.592430687654476 4.592430687654476
4.257806941629543 4.348019254317552 4.436016408784603 4.619666261297961 4.619666261297961 4.619666261297961 4.619666261297961
4.257994711559005 4.347765184440693 4.434216861577267 4.6497810619637026 4.6497810619635755 4.6497810619635755 4.6497810619635755
4.258161773883731 4.347538632853014 4.43260938750063 4.683079243727652 4.68307924372768 4.683079243727652 4.68307924372768
4.258310407937404 4.347336674216908 4.431174159487604 4.710692872152804 4.719861193825229 4.719861193825229 4.719861193825229
4.258442643160156 4.347156682498286 4.429893254495924 4.705484861936981 4.760378737460072 4.760378737460072 4.760378737460072
4.2585602862617975 4.346996302854912 4.428750501642185 4.700809548911518 4.804788328314211 4.804788328314211 4.804788328314211
4.258664945489586 4.346853425605199 4.427731335291885 4.696616753486972 4.853115928453598 4.853115928453598 4.853115928453598
4.25875805229177 4.346726162260167 4.426822654913136 4.692860099875433 4.905245602616534 4.905245602616533 4.905245602616533
4.258840880650011 4.346612823556551 4.426012692840842 4.6894969383895955 4.960940401994257 4.960940401994241 4.960940401994241
4.258914564320896 4.346511899404492 4.4252908906010155 4.686488210861505 5.019899753680126 5.019899753680108 5.019899753680108
4.25898011220906 4.346422040645178 4.424647784072923 4.68379827738123 5.0818515019717445 5.081851501971876 5.0818515019717445
4.259038422069821 4.346342042499645 4.424074897490043 4.681394718554456 5.146667247957548 5.146667247957543 5.146667247957548
4.259090292717462 4.346270829592373 4.423564646088292 4.679248124203907 5.214476032391407 5.214476032391407 5.214476032391407
4.259136434902018 4.346207442425712 4.423110247071455 4.677331876771997 5.285736606543766 5.285736606543736 5.285736606543766
4.259177480996297 4.346151025188694 4.422705638471199 4.6756219355438775 5.337498531267238 5.36122085269735 5.36122085269735
4.259213993622219 4.346100814785497 4.422345405432685 4.674096626106337 5.331440429689548 5.4418727894375944 5.4418727894377765
4.25924647333215 4.346056130974823 4.422024713417341 4.672736438125487 5.326004506768329 5.528547777571966 5.528547777572103
4.2592753654451965 4.34601636751984 4.421739247813773 4.671523833485871 5.321131602982765 5.621696331688803 5.621696331688803
4.259301066136445 4.345980984251689 4.42148515944833 4.670443066032303 5.316767171645236 5.721103202595685 5.721103202595685
4.259323927851788 4.345949499960149 4.4212590155025255 4.669480013560368 5.312861148239101 5.825786122330464 5.825786122330288
4.2593442641324994 4.3459214860305275 4.42105775536921 4.668622022243303 5.3093677616589705 5.934093006574327 5.934093006574329
4.259362353903991 4.345896560751666 4.420878650997646 4.667857763364807 5.306245306995998 6.043951817133954 6.043951817133954
4.259378445296127 4.345874384227787 4.4207192713171475 4.667177101986063 5.3034558951446105 6.153176936874435 6.153176936874435
4.259392759040202 4.345854653833808 4.420577450346908 4.666570977022567 5.300965190904057 6.259740135397523 6.25974013539755
4.259405491493431 4.345837100156354 4.420451258638938 4.666031292107183 5.298742148334784 6.361953539385446 6.361953539385446
4.259416817328259 4.345821483370676 4.420338977723083 4.665550816545616 5.296758749803823 6.421915424319862 6.458555004649888
4.259426891926028 4.345807590009266 4.420239077255126 4.665123095660181 5.294989753299798 6.414626842824812 6.548714022054776
4.25943585350769 4.345795230078738 4.420150194594773 4.664742369797481 5.29341245115634 6.408087907946312 6.631986252777892
4.259443825027368 4.345784234488994 4.420071116563761 4.664403501304384 5.292006442191721 6.40222710387193 6.705433517577322
4.259450915858237 4.345774452762859 4.42000076315982 4.66410190878987 5.290753418430551 6.396978545134202 6.697551786314259
4.259457223292836 4.3457657509935785 4.419938173022748 4.66383350803138 5.289636966922034 6.3922818023345025 6.6904784138447235
4.259462833876407 4.345758010025957 4.41988249046851 4.663594658919723 5.288642386687476 6.388081661328843 6.684136770686043
4.259467824594325 4.345751123835115 4.419832953926828 4.663382117875551 5.287756520504588 6.384327838895459 6.678456150984924
4.259472263927599 4.345744998083068 4.419788885631403 4.6631929952153 5.2869676009756335 6.380974672750653 6.673371618191951
4.259476212791819 4.345739548833525 4.419749682431719 4.663024716982717 5.286265110185028 6.377980799529759 6.668823772328405
4.259479725373716 4.345734701407069 4.419714807605396 4.662874990802701 5.285639652136732 6.3753088309239425 6.664758464838392
4.25948284987361 4.3457303893613854 4.4196837835624585 4.662741775355835 5.28508283712278 6.372925035425035 6.661126481276033
4.259485629167321 4.3457265535849015 4.419656185346943 4.662623253102422 5.284587177149014 6.3707990309504465 6.657883207361692
4.259488101393156 4.345723141488225 4.419631634849985 4.66251780592467 5.284145991543886 6.368903491939504 6.654988290099041
4.259490300477062 4.345720106285814 4.419609795655488 4.662423993383173 5.283753321916259 6.367213873181616 6.652405302574902
4.259492256595894 4.345717406356368 4.41959036845087 4.662340533315723 5.2834038556446306 6.365708151656086 6.6501014186114435
4.259493996593481 4.345715004672266 4.419573086940997 4.662266284531403 5.283092857139654 6.364366586895932 6.648047101525959
4.259495544347676 4.345712868294269 4.4195577142124645 4.662200231379904 5.282816106156721 6.363171499851882 6.646215809765159
4.259496921097809 4.345710967919442 4.419544039493975 4.662141469993813 5.282569842496978 6.362107069825436 6.644583721039074
4.2594981457373144 4.345709277480406 4.419531875276162 4.662089196028556 5.282350716474975 6.361159148763873 6.6431294757204995
4.259499235072213 4.345707773788574 4.419521054746695 4.662042693738581 5.282155744592239 6.360315092042551 6.641833939642906
4.2595002040513394 4.3457064362156546 4.419511429507547 4.662001326243958 5.28198226989143 6.359563604726719 6.640679985959661
4.2595010659719925 4.345705246411655 4.419502867543695 4.6619645268620244 5.281827926523931 6.3588946022682125 6.639652295412753
4.259501832662843 4.345704188053379 4.419495251415765 4.661931791386706 5.281690608095489 6.358299084564569 6.638737174135431
4.259502514645213 4.345703246620069 4.419488476652011 4.66190267121359 5.2815684394055955 6.357769022320343 6.637922387976278
4.259503121278195 4.345702409195098 4.419482450317457 4.661876767219119 5.281459751222373 6.357297254684327 6.637197012259607
4.259503660886622 4.345701664288504 4.419477089739266 4.661853724310978 5.281363057780117 6.356877397182479 6.6365512958656465
4.259504140875867 4.345701001679457 4.419472321375801 4.661833226577243 5.28127703670927 6.356503759015099 6.635976538514616
4.259504567833132 4.345700412276131 4.419468079806832 4.66181499296845 5.281200511141865 6.356171268855389 6.6354649801739845
4.259504947617445 4.345699887991095 4.419464306838384 4.661798773453978 5.281132433760719 6.355875408337433 6.635009701539494
4.259505285440825 4.345699421630183 4.419460950703689 4.661784345602453 5.281071872586533 6.355612152492231 6.634604534608906
4.259505585939244 4.345699006794012 4.419457965354443 4.661771511537435 5.281017998311696 6.355377916446672 6.6342439824160495
4.259505853236919 4.3456986377901545 4.419455309828087 4.661760095228872 5.280970073020531 6.355169507758103 6.6339231470639435
4.259506091001874 4.345698309555294 4.419452947687729 4.66174994008287 5.280927440139383 6.354984083817762 6.6336376652576785
4.259506302496845 4.345698017584881 4.419450846520907 4.661740906796563 5.280889515489276 6.354819113799669 6.6333836506013535
4.259506490624637 4.345697757872605 4.4194489774957955 4.661732871450486 5.2808557793182285 6.354672344690061 6.633157641988503
4.259506657967026 4.345697526854571 4.419447314965982 4.661725723809511 5.2808257692069125 6.354541770969783 6.632956557467312
4.259506806820195 4.345697321360338 4.419445836117738 4.661719365814089 5.280799073754399 6.354425607568927 6.632777653027395
4.259506939227198 4.345697138570254 4.419444520657936 4.661713710233608 5.2807753269555615 6.354322265746531 6.632618485797789
4.259507057005052 4.345696975975607 4.419443350535165 4.661708679472834 5.280754203197464 6.354230331584742 6.632476881199972
4.259507161770091 4.345696831345378 4.419442309692423 4.661704204507156 5.280735412807747 6.354148546823316 6.6323509036408455
4.259507254959766 4.345696702694475 4.4194413838467375 4.6617002239365375 5.280718698089643 6.354075791777258 6.632238830374313
